0.000000000000000000e+00 0.000000000000000000e+00 -3.250000000000000111e-01
2.777777800000000210e-03 2.777777800000000210e-03 -2.730384799999999723e-01
5.555555600000000420e-03 5.555555600000000420e-03 -2.680384800000000234e-01
8.333333300000000596e-03 8.333333300000000596e-03 -3.200000000000000067e-01
1.111111099999999990e-02 1.111111099999999990e-02 -3.919615200000000077e-01
1.388888899999999975e-02 1.388888899999999975e-02 -3.969615200000000121e-01
1.666666699999999959e-02 1.666666699999999959e-02 -3.400000000000000244e-01
1.944444400000000170e-02 1.944444400000000170e-02 -2.630384800000000189e-01
2.222222199999999981e-02 2.222222199999999981e-02 -2.580384800000000145e-01
2.500000000000000139e-02 2.500000000000000139e-02 -3.150000000000000022e-01
2.777777799999999950e-02 2.777777799999999950e-02 -3.919615200000000077e-01
3.055555600000000108e-02 3.055555600000000108e-02 -4.069615200000000210e-01
3.333333299999999971e-02 3.333333299999999971e-02 -3.549999999999999822e-01
3.611111100000000129e-02 3.611111100000000129e-02 -2.830384799999999812e-01
3.888888900000000287e-02 3.888888900000000287e-02 -2.730384799999999723e-01
4.166666699999999751e-02 4.166666699999999751e-02 -3.049999999999999933e-01
4.444444399999999962e-02 4.444444399999999962e-02 -3.569615199999999766e-01
4.722222200000000120e-02 4.722222200000000120e-02 -3.869615200000000033e-01
5.000000000000000278e-02 5.000000000000000278e-02 -3.499999999999999778e-01
5.277777799999999742e-02 5.277777799999999742e-02 -3.180384800000000123e-01
5.555555599999999900e-02 5.555555599999999900e-02 -3.130384800000000078e-01
5.833333300000000110e-02 5.833333300000000110e-02 -3.499999999999999778e-01
6.111111100000000268e-02 6.111111100000000268e-02 -4.069615200000000210e-01
6.388888900000000426e-02 6.388888900000000426e-02 -4.169615199999999744e-01
6.666666699999999890e-02 6.666666699999999890e-02 -3.800000000000000044e-01
6.944444399999999407e-02 6.944444399999999407e-02 -3.180384800000000123e-01
7.222222200000000258e-02 7.222222200000000258e-02 -3.030384799999999990e-01
7.499999999999999722e-02 7.499999999999999722e-02 -3.250000000000000111e-01
7.777777800000000574e-02 7.777777800000000574e-02 -3.719615199999999899e-01
8.055555600000000038e-02 8.055555600000000038e-02 -3.719615199999999899e-01
8.333333299999999555e-02 8.333333299999999555e-02 -3.449999999999999734e-01
8.611111100000000407e-02 8.611111100000000407e-02 -3.130384800000000078e-01
8.888888899999999871e-02 8.888888899999999871e-02 -3.230384800000000167e-01
9.166666699999999335e-02 9.166666699999999335e-02 -3.599999999999999867e-01
9.444444400000000239e-02 9.444444400000000239e-02 -4.019615200000000166e-01
9.722222199999999703e-02 9.722222199999999703e-02 -4.019615200000000166e-01
1.000000000000000056e-01 1.000000000000000056e-01 -3.699999999999999956e-01
1.027777799999999991e-01 1.027777799999999991e-01 -3.130384800000000078e-01
1.055555600000000066e-01 1.055555600000000066e-01 -3.130384800000000078e-01
1.083333300000000055e-01 1.083333300000000055e-01 -3.499999999999999778e-01
1.111111099999999990e-01 1.111111099999999990e-01 -3.969615200000000121e-01
1.138888900000000065e-01 1.138888900000000065e-01 -4.169615199999999744e-01
1.166666700000000001e-01 1.166666700000000001e-01 -3.850000000000000089e-01
1.194444399999999989e-01 1.194444399999999989e-01 -3.330384800000000256e-01
1.222222200000000064e-01 1.222222200000000064e-01 -3.180384800000000123e-01
1.250000000000000000e-01 1.250000000000000000e-01 -3.499999999999999778e-01
1.277777800000000075e-01 1.277777800000000075e-01 -4.269615199999999833e-01
1.305555599999999872e-01 1.305555599999999872e-01 -4.419615199999999966e-01
1.333333299999999999e-01 1.333333299999999999e-01 -3.850000000000000089e-01
1.361111100000000074e-01 1.361111100000000074e-01 -3.380384799999999745e-01
1.388888899999999871e-01 1.388888899999999871e-01 -3.280384800000000212e-01
1.416666699999999945e-01 1.416666699999999945e-01 -4.050000000000000266e-01
1.444444400000000073e-01 1.444444400000000073e-01 -4.669615200000000188e-01
1.472222199999999870e-01 1.472222199999999870e-01 -4.769615200000000277e-01
1.499999999999999944e-01 1.499999999999999944e-01 -3.850000000000000089e-01
1.527777800000000019e-01 1.527777800000000019e-01 -3.030384799999999990e-01
1.555555600000000094e-01 1.555555600000000094e-01 -2.930384799999999901e-01
1.583333299999999944e-01 1.583333299999999944e-01 -3.599999999999999867e-01
1.611111100000000018e-01 1.611111100000000018e-01 -4.219615199999999788e-01
1.638888900000000093e-01 1.638888900000000093e-01 -4.419615199999999966e-01
1.666666699999999890e-01 1.666666699999999890e-01 -3.950000000000000178e-01
1.694444400000000017e-01 1.694444400000000017e-01 -3.230384800000000167e-01
1.722222200000000092e-01 1.722222200000000092e-01 -3.080384800000000034e-01
1.749999999999999889e-01 1.749999999999999889e-01 -3.549999999999999822e-01
1.777777799999999964e-01 1.777777799999999964e-01 -4.069615200000000210e-01
1.805555600000000038e-01 1.805555600000000038e-01 -4.019615200000000166e-01
1.833333299999999888e-01 1.833333299999999888e-01 -3.599999999999999867e-01
1.861111099999999963e-01 1.861111099999999963e-01 -3.130384800000000078e-01
1.888888900000000037e-01 1.888888900000000037e-01 -2.980384799999999945e-01
1.916666700000000112e-01 1.916666700000000112e-01 -3.250000000000000111e-01
1.944444399999999962e-01 1.944444399999999962e-01 -3.469615200000000232e-01
1.972222200000000036e-01 1.972222200000000036e-01 -3.569615199999999766e-01
2.000000000000000111e-01 2.000000000000000111e-01 -3.350000000000000200e-01
2.027777799999999908e-01 2.027777799999999908e-01 -2.980384799999999945e-01
2.055555599999999983e-01 2.055555599999999983e-01 -2.930384799999999901e-01
2.083333300000000110e-01 2.083333300000000110e-01 -3.200000000000000067e-01
2.111111099999999907e-01 2.111111099999999907e-01 -3.519615200000000277e-01
2.138888899999999982e-01 2.138888899999999982e-01 -3.369615200000000144e-01
2.166666700000000056e-01 2.166666700000000056e-01 -2.849999999999999756e-01
2.194444399999999906e-01 2.194444399999999906e-01 -2.380384799999999967e-01
2.222222199999999981e-01 2.222222199999999981e-01 -2.280384799999999879e-01
2.250000000000000056e-01 2.250000000000000056e-01 -2.300000000000000100e-01
2.277777800000000130e-01 2.277777800000000130e-01 -2.819615200000000210e-01
2.305555599999999927e-01 2.305555599999999927e-01 -2.969615199999999788e-01
2.333333300000000055e-01 2.333333300000000055e-01 -2.600000000000000089e-01
2.361111100000000129e-01 2.361111100000000129e-01 -2.180384800000000067e-01
2.388888899999999926e-01 2.388888899999999926e-01 -2.030384799999999934e-01
2.416666700000000001e-01 2.416666700000000001e-01 -2.600000000000000089e-01
2.444444400000000128e-01 2.444444400000000128e-01 -2.969615199999999788e-01
2.472222199999999925e-01 2.472222199999999925e-01 -3.219615200000000010e-01
2.500000000000000000e-01 2.500000000000000000e-01 -2.650000000000000133e-01
2.527777800000000075e-01 2.527777800000000075e-01 -2.180384800000000067e-01
2.555555600000000149e-01 2.555555600000000149e-01 -1.980384799999999890e-01
2.583333300000000277e-01 2.583333300000000277e-01 -2.200000000000000011e-01
2.611111099999999796e-01 2.611111099999999796e-01 -2.669615200000000077e-01
2.638888899999999871e-01 2.638888899999999871e-01 -3.019615199999999833e-01
2.666666699999999945e-01 2.666666699999999945e-01 -2.800000000000000266e-01
2.694444400000000073e-01 2.694444400000000073e-01 -2.630384800000000189e-01
2.722222200000000147e-01 2.722222200000000147e-01 -2.780384799999999768e-01
2.750000000000000222e-01 2.750000000000000222e-01 -3.300000000000000155e-01
2.777777799999999742e-01 2.777777799999999742e-01 -4.019615200000000166e-01
2.805555599999999816e-01 2.805555599999999816e-01 -3.969615200000000121e-01
2.833333299999999944e-01 2.833333299999999944e-01 -3.750000000000000000e-01
2.861111100000000018e-01 2.861111100000000018e-01 -3.330384800000000256e-01
2.888888900000000093e-01 2.888888900000000093e-01 -3.280384800000000212e-01
2.916666700000000167e-01 2.916666700000000167e-01 -3.499999999999999778e-01
2.944444399999999740e-01 2.944444399999999740e-01 -3.919615200000000077e-01
2.972222199999999814e-01 2.972222199999999814e-01 -3.869615200000000033e-01
2.999999999999999889e-01 2.999999999999999889e-01 -3.400000000000000244e-01
3.027777799999999964e-01 3.027777799999999964e-01 -3.180384800000000123e-01
3.055555600000000038e-01 3.055555600000000038e-01 -3.330384800000000256e-01
3.083333300000000166e-01 3.083333300000000166e-01 -3.800000000000000044e-01
3.111111100000000240e-01 3.111111100000000240e-01 -4.219615199999999788e-01
3.138888899999999760e-01 3.138888899999999760e-01 -4.019615200000000166e-01
3.166666699999999834e-01 3.166666699999999834e-01 -3.549999999999999822e-01
3.194444399999999962e-01 3.194444399999999962e-01 -3.180384800000000123e-01
3.222222200000000036e-01 3.222222200000000036e-01 -3.280384800000000212e-01
3.250000000000000111e-01 3.250000000000000111e-01 -3.850000000000000089e-01
3.277777800000000186e-01 3.277777800000000186e-01 -4.319615199999999877e-01
3.305555600000000260e-01 3.305555600000000260e-01 -4.419615199999999966e-01
3.333333299999999833e-01 3.333333299999999833e-01 -3.900000000000000133e-01
3.361111099999999907e-01 3.361111099999999907e-01 -3.380384799999999745e-01
3.388888899999999982e-01 3.388888899999999982e-01 -3.330384800000000256e-01
3.416666700000000056e-01 3.416666700000000056e-01 -3.800000000000000044e-01
3.444444400000000184e-01 3.444444400000000184e-01 -4.519615200000000055e-01
3.472222200000000258e-01 3.472222200000000258e-01 -4.519615200000000055e-01
3.499999999999999778e-01 3.499999999999999778e-01 -4.000000000000000222e-01
3.527777799999999853e-01 3.527777799999999853e-01 -3.530384799999999879e-01
3.555555599999999927e-01 3.555555599999999927e-01 -3.930384800000000234e-01
3.583333300000000055e-01 3.583333300000000055e-01 -4.650000000000000244e-01
3.611111100000000129e-01 3.611111100000000129e-01 -5.019615200000000499e-01
3.638888900000000204e-01 3.638888900000000204e-01 -5.069615200000000543e-01
3.666666699999999723e-01 3.666666699999999723e-01 -4.899999999999999911e-01
3.694444399999999851e-01 3.694444399999999851e-01 -5.230384799999999723e-01
3.722222199999999925e-01 3.722222199999999925e-01 -5.730384800000000167e-01
3.750000000000000000e-01 3.750000000000000000e-01 -6.199999999999999956e-01
3.777777800000000075e-01 3.777777800000000075e-01 -6.219615200000000454e-01
3.805555600000000149e-01 3.805555600000000149e-01 -5.369615199999999700e-01
3.833333300000000277e-01 3.833333300000000277e-01 -3.750000000000000000e-01
3.861111099999999796e-01 3.861111099999999796e-01 -1.780384799999999990e-01
3.888888899999999871e-01 3.888888899999999871e-01 4.196152400000000005e-02
3.916666699999999945e-01 3.916666699999999945e-01 2.700000000000000178e-01
3.944444400000000073e-01 3.944444400000000073e-01 4.780384799999999879e-01
3.972222200000000147e-01 3.972222200000000147e-01 6.780384799999999990e-01
4.000000000000000222e-01 4.000000000000000222e-01 7.850000000000000311e-01
4.027777799999999742e-01 4.027777799999999742e-01 7.269615200000000277e-01
4.055555599999999816e-01 4.055555599999999816e-01 4.219615199999999788e-01
4.083333299999999944e-01 4.083333299999999944e-01 2.000000000000000042e-02
4.111111100000000018e-01 4.111111100000000018e-01 -3.469615200000000232e-01
4.138888900000000093e-01 4.138888900000000093e-01 -5.169615199999999522e-01
4.166666700000000167e-01 4.166666700000000167e-01 -5.150000000000000133e-01
4.194444399999999740e-01 4.194444399999999740e-01 -4.630384799999999745e-01
4.222222199999999814e-01 4.222222199999999814e-01 -4.230384799999999945e-01
4.249999999999999889e-01 4.249999999999999889e-01 -4.349999999999999978e-01
4.277777799999999964e-01 4.277777799999999964e-01 -4.569615200000000099e-01
4.305555600000000038e-01 4.305555600000000038e-01 -4.519615200000000055e-01
4.333333300000000166e-01 4.333333300000000166e-01 -4.050000000000000266e-01
4.361111100000000240e-01 4.361111100000000240e-01 -3.480384799999999834e-01
4.388888899999999760e-01 4.388888899999999760e-01 -3.180384800000000123e-01
4.416666699999999834e-01 4.416666699999999834e-01 -3.499999999999999778e-01
4.444444399999999962e-01 4.444444399999999962e-01 -3.869615200000000033e-01
4.472222200000000036e-01 4.472222200000000036e-01 -4.069615200000000210e-01
4.500000000000000111e-01 4.500000000000000111e-01 -3.649999999999999911e-01
4.527777800000000186e-01 4.527777800000000186e-01 -3.180384800000000123e-01
4.555555600000000260e-01 4.555555600000000260e-01 -3.180384800000000123e-01
4.583333299999999833e-01 4.583333299999999833e-01 -3.750000000000000000e-01
4.611111099999999907e-01 4.611111099999999907e-01 -4.519615200000000055e-01
4.638888899999999982e-01 4.638888899999999982e-01 -4.569615200000000099e-01
4.666666700000000056e-01 4.666666700000000056e-01 -3.850000000000000089e-01
4.694444400000000184e-01 4.694444400000000184e-01 -3.180384800000000123e-01
4.722222200000000258e-01 4.722222200000000258e-01 -2.880384799999999856e-01
4.749999999999999778e-01 4.749999999999999778e-01 -3.400000000000000244e-01
4.777777799999999853e-01 4.777777799999999853e-01 -3.919615200000000077e-01
4.805555599999999927e-01 4.805555599999999927e-01 -4.019615200000000166e-01
4.833333300000000055e-01 4.833333300000000055e-01 -3.449999999999999734e-01
4.861111100000000129e-01 4.861111100000000129e-01 -3.080384800000000034e-01
4.888888900000000204e-01 4.888888900000000204e-01 -3.230384800000000167e-01
4.916666699999999723e-01 4.916666699999999723e-01 -3.699999999999999956e-01
4.944444399999999851e-01 4.944444399999999851e-01 -3.919615200000000077e-01
4.972222199999999925e-01 4.972222199999999925e-01 -3.819615199999999988e-01
5.000000000000000000e-01 5.000000000000000000e-01 -3.499999999999999778e-01
